t,n_grads,f,comm_rounds,var_error
0.0,0.0,2.5326206333451706,0.0,2.304277268412409
1.0,32560.0,2.4041501017054396,1.0,2.2696129097931723
2.0,65120.0,2.278381856173743,2.0,2.2359725872510454
3.0,97680.0,2.1563052072695874,3.0,2.2035536470591626
4.0,130240.0,2.0383448697487077,4.0,2.172409681294819
5.0,162800.0,1.9248995435750234,5.0,2.142582398145335
6.0,195360.0,1.8163604168128342,6.0,2.1141068741620006
7.0,227920.0,1.7130951849560851,7.0,2.0870098191593596
8.0,260480.0,1.615431168678608,8.0,2.0613078973551486
9.0,293040.0,1.5236375071812025,9.0,2.037006155077236
10.0,325600.0,1.4379093865172128,10.0,2.0140969136605653
11.0,358160.0,1.3583558845030375,11.0,1.9925592348457069
12.0,390720.0,1.2849931031707957,12.0,1.972359073828434
13.0,423280.0,1.2177434689594693,13.0,1.9534501378934142
14.0,455840.0,1.1564412440261782,14.0,1.935775386073867
15.0,488400.0,1.1008434043919892,15.0,1.919269025707921
16.0,520960.0,1.0506443748750445,16.0,1.9038588106665906
17.0,553520.0,1.0054927826651285,17.0,1.8894684299949325
18.0,586080.0,0.965008428740928,18.0,1.876019794275086
19.0,618640.0,0.9287979991430756,19.0,1.8634350706174
20.0,651200.0,0.896468514557608,20.0,1.8516383725168306
21.0,683760.0,0.8676380139815821,21.0,1.8405570652672731
22.0,716320.0,0.8419433905286209,22.0,1.8301226924313916
23.0,748880.0,0.8190455977622375,23.0,1.820271559983512
24.0,781440.0,0.7986326183586464,24.0,1.8109450321229912
25.0,814000.0,0.7804206544705722,25.0,1.8020895987940238
26.0,846560.0,0.7641539922332177,26.0,1.7936567730008328
27.0,879120.0,0.749603942002082,27.0,1.7856028693270498
28.0,911680.0,0.736567185372456,28.0,1.77788870625487
29.0,944240.0,0.7248637862398232,29.0,1.7704792657276078
30.0,976800.0,0.7143350556487174,30.0,1.7633433349764884
31.0,1009360.0,0.7048414033484927,31.0,1.7564531484547727
32.0,1041920.0,0.6962602639157022,32.0,1.749784041937506
33.0,1074480.0,0.6884841512388072,33.0,1.743314126385758
34.0,1107040.0,0.6814188704612953,34.0,1.7370239858668746
35.0,1139600.0,0.6749818992796169,35.0,1.7308964014579509
36.0,1172160.0,0.6691009390311876,36.0,1.7249161014341272
37.0,1204720.0,0.6637126287772455,37.0,1.719069536976284
38.0,1237280.0,0.6587614113731398,38.0,1.7133446819752678
39.0,1269840.0,0.6541985383917706,39.0,1.707730855144351
40.0,1302400.0,0.6499812000309758,40.0,1.702218562488167
41.0,1334960.0,0.6460717662916206,41.0,1.6967993581480474
42.0,1367520.0,0.642437126407274,42.0,1.6914657217019975
43.0,1400080.0,0.63904811449666,43.0,1.6862109501079576
44.0,1432640.0,0.6358790105349863,44.0,1.6810290626176976
45.0,1465200.0,0.6329071068955413,45.0,1.6759147171394566
46.0,1497760.0,0.6301123318342572,46.0,1.6708631366797269
47.0,1530320.0,0.6274769223401443,47.0,1.6658700446417165
48.0,1562880.0,0.6249851397347057,48.0,1.6609316078961358
49.0,1595440.0,0.6226230222664875,49.0,1.656044386666985
50.0,1628000.0,0.6203781697130851,50.0,1.65120529039014
51.0,1660560.0,0.6182395556768708,51.0,1.6464115388057956
52.0,1693120.0,0.6161973638494458,52.0,1.6416606276376373
53.0,1725680.0,0.6142428450315036,53.0,1.6369502982928141
54.0,1758240.0,0.6123681921377878,54.0,1.6322785110881952
55.0,1790800.0,0.6105664307992451,55.0,1.6276434215710462
56.0,1823360.0,0.6088313235039667,56.0,1.6230433595570253
57.0,1855920.0,0.6071572855019545,57.0,1.6184768105562206
58.0,1888480.0,0.6055393109423856,58.0,1.61394239929962
59.0,1921040.0,0.6039729079213525,59.0,1.6094388751147
60.0,1953600.0,0.6024540412978352,60.0,1.6049650989304225
61.0,1986160.0,0.6009790822900993,61.0,1.6005200317194004
62.0,2018720.0,0.5995447639974288,62.0,1.5961027242089338
63.0,2051280.0,0.5981481421061935,63.0,1.5917123077134336
64.0,2083840.0,0.5967865601374187,64.0,1.5873479859588777
65.0,2116400.0,0.5954576186775362,65.0,1.583009027785745
66.0,2148960.0,0.5941591481068311,66.0,1.57869476063064
67.0,2181520.0,0.5928891844029223,67.0,1.5744045646988398
68.0,2214080.0,0.5916459476508635,68.0,1.570137867750458
69.0,2246640.0,0.5904278229383455,69.0,1.56589414043213
70.0,2279200.0,0.5892333433550585,70.0,1.5616728920940868
71.0,2311760.0,0.588061174850439,71.0,1.557473667039546
72.0,2344320.0,0.586910102734521,72.0,1.5532960411594747
73.0,2376880.0,0.5857790196330982,73.0,1.549139618911178
74.0,2409440.0,0.5846669147314378,74.0,1.5450040306039117
75.0,2442000.0,0.5835728641608391,75.0,1.540888929958877
76.0,2474560.0,0.5824960223998007,76.0,1.5367939919146165
77.0,2507120.0,0.5814356145768234,77.0,1.5327189106520704
78.0,2539680.0,0.5803909295751943,78.0,1.5286633978163862
79.0,2572240.0,0.5793613138517637,79.0,1.5246271809150995
80.0,2604800.0,0.5783461658919324,80.0,1.5206100018745166
81.0,2637360.0,0.5773449312320287,81.0,1.5166116157380976
82.0,2669920.0,0.5763570979881116,82.0,1.5126317894923789
83.0,2702480.0,0.5753821928371466,83.0,1.5086703010075169
84.0,2735040.0,0.574419777402583,84.0,1.5047269380808965
85.0,2767600.0,0.5734694450017185,85.0,1.500801497573476
86.0,2800160.0,0.5725308177169551,86.0,1.4968937846295995
87.0,2832720.0,0.5716035437572261,87.0,1.4930036119720025
88.0,2865280.0,0.5706872950795552,88.0,1.4891307992645444
89.0,2897840.0,0.5697817652439687,89.0,1.4852751725360198
90.0,2930400.0,0.5688866674778733,90.0,1.4814365636590345
91.0,2962960.0,0.5680017329285598,91.0,1.4776148098785653
92.0,2995520.0,0.5671267090847776,92.0,1.4738097533853673
93.0,3028080.0,0.5662613583503268,93.0,1.4700212409298565
94.0,3060640.0,0.5654054567544181,94.0,1.4662491234725588
95.0,3093200.0,0.5645587927851363,95.0,1.4624932558675847
96.0,3125760.0,0.5637211663337679,96.0,1.458753496575949
97.0,3158320.0,0.562892387739016,97.0,1.455029707405865
98.0,3190880.0,0.5620722769212544,98.0,1.4513217532774245
99.0,3223440.0,0.5612606625979808,99.0,1.4476295020093273
100.0,3256000.0,0.5604573815725238,100.0,1.4439528241255513
101.0,3288560.0,0.5596622780888716,101.0,1.4402915926800586
102.0,3321120.0,0.5588752032461975,102.0,1.436645683097819
103.0,3353680.0,0.5580960144673133,103.0,1.4330149730305917
104.0,3386240.0,0.5573245750158474,104.0,1.429399342226064
105.0,3418800.0,0.5565607535574697,105.0,1.4257986724090745
106.0,3451360.0,0.5558044237609457,106.0,1.422212847173767
107.0,3483920.0,0.5550554639352159,107.0,1.4186417518856431
108.0,3516480.0,0.554313756699074,108.0,1.4150852735925603
109.0,3549040.0,0.5535791886803522,109.0,1.411543300943838
110.0,3581600.0,0.5528516502418214,110.0,1.4080157241166869
111.0,3614160.0,0.5521310352312879,111.0,1.4045024347492674
112.0,3646720.0,0.551417240753612,112.0,1.401003325879751
113.0,3679280.0,0.5507101669625906,113.0,1.397518291890798
114.0,3711840.0,0.55000971687085,114.0,1.394047228458948
115.0,3744400.0,0.5493157961760675,115.0,1.3905900325084417
116.0,3776960.0,0.5486283131020038,116.0,1.3871466021690528
117.0,3809520.0,0.5479471782529743,117.0,1.383716836737541
118.0,3842080.0,0.5472723044805149,118.0,1.3803006366423851
119.0,3874640.0,0.5466036067611211,119.0,1.3768979034114674
120.0,3907200.0,0.5459410020840388,120.0,1.3735085396424314
121.0,3939760.0,0.5452844093481893,121.0,1.3701324489754507
122.0,3972320.0,0.54463374926739,122.0,1.3667695360681738
123.0,4004880.0,0.54398894428312,123.0,1.3634197065726297
124.0,4037440.0,0.5433499184841399,124.0,1.360082867113905
125.0,4070000.0,0.5427165975323508,125.0,1.356758925270417
126.0,4102560.0,0.5420889085943252,126.0,1.3534477895556223
127.0,4135120.0,0.5414667802780039,127.0,1.350149369401021
128.0,4167680.0,0.5408501425740938,128.0,1.3468635751403248
129.0,4200240.0,0.5402389268017481,129.0,1.3435903179946764
130.0,4232800.0,0.5396330655581493,130.0,1.340329510058807
131.0,4265360.0,0.5390324926716489,131.0,1.3370810642880446
132.0,4297920.0,0.5384371431581518,132.0,1.3338448944860808
133.0,4330480.0,0.537846953180459,133.0,1.3306209152934227
134.0,4363040.0,0.5372618600103144,134.0,1.327409042176455
135.0,4395600.0,0.5366818019929182,135.0,1.3242091914170544
136.0,4428160.0,0.5361067185136955,136.0,1.321021280102693
137.0,4460720.0,0.5355365499671283,137.0,1.3178452261169866
138.0,4493280.0,0.5349712377274727,138.0,1.314680948130634
139.0,4525840.0,0.5344107241212056,139.0,1.3115283655927117
140.0,4558400.0,0.5338549524010523,140.0,1.3083873987222832
141.0,4590960.0,0.5333038667214672,141.0,1.3052579685002916
142.0,4623520.0,0.5327574121154446,142.0,1.3021399966617024
143.0,4656080.0,0.532215534472554,143.0,1.2990334056878734
144.0,4688640.0,0.531678180518099,144.0,1.295938118799124
145.0,4721200.0,0.5311452977933102,145.0,1.2928540599474851
146.0,4753760.0,0.530616834636491,146.0,1.2897811538096093
147.0,4786320.0,0.5300927401650418,147.0,1.2867193257798217
148.0,4818880.0,0.5295729642582944,148.0,1.2836685019633038
149.0,4851440.0,0.5290574575410945,149.0,1.2806286091693866
150.0,4884000.0,0.5285461713680779,150.0,1.2775995749049476
151.0,4916560.0,0.5280390578085878,151.0,1.2745813273679016
152.0,4949120.0,0.5275360696321869,152.0,1.2715737954407729
153.0,4981680.0,0.5270371602947208,153.0,1.2685769086843384
154.0,5014240.0,0.5265422839248972,154.0,1.2655905973313446
155.0,5046800.0,0.5260513953113418,155.0,1.2626147922802808
156.0,5079360.0,0.5255644498901008,156.0,1.2596494250892065
157.0,5111920.0,0.5250814037325596,157.0,1.2566944279696335
158.0,5144480.0,0.524602213533752,158.0,1.2537497337804528
159.0,5177040.0,0.5241268366010335,159.0,1.250815276021903
160.0,5209600.0,0.5236552308430981,160.0,1.247890988829582
161.0,5242160.0,0.5231873547593164,161.0,1.2449768069684934
162.0,5274720.0,0.522723167429378,162.0,1.2420726658271313
163.0,5307280.0,0.5222626285032186,163.0,1.2391785014115941
164.0,5339840.0,0.521805698191218,164.0,1.23629425033974
165.0,5372400.0,0.521352337254654,165.0,1.2334198498353612
166.0,5404960.0,0.5209025069963978,166.0,1.230555237722401
167.0,5437520.0,0.52045616925184,167.0,1.227700352419192
168.0,5470080.0,0.5200132863800352,168.0,1.2248551329327297
169.0,5502640.0,0.5195738212550548,169.0,1.2220195188529697
170.0,5535200.0,0.5191377372575392,170.0,1.2191934503471595
171.0,5567760.0,0.5187049982664393,171.0,1.2163768681541973
172.0,5600320.0,0.5182755686509405,172.0,1.2135697135790173
173.0,5632880.0,0.5178494132625595,173.0,1.2107719284870095
174.0,5665440.0,0.5174264974274109,174.0,1.2079834552984656
175.0,5698000.0,0.5170067869386318,175.0,1.2052042369830571
176.0,5730560.0,0.5165902480489628,176.0,1.2024342170543414
177.0,5763120.0,0.5161768474634786,177.0,1.1996733395643013
178.0,5795680.0,0.51576655233246,178.0,1.1969215490979173
179.0,5828240.0,0.5153593302444079,179.0,1.194178790767765
180.0,5860800.0,0.51495514921919,180.0,1.1914450102086545
181.0,5893360.0,0.5145539777013177,181.0,1.1887201535722953
182.0,5925920.0,0.5141557845533509,182.0,1.1860041675219977
183.0,5958480.0,0.5137605390494225,183.0,1.1832969992274087
184.0,5991040.0,0.5133682108688847,184.0,1.180598596359281
185.0,6023600.0,0.5129787700900686,185.0,1.1779089070842792
186.0,6056160.0,0.5125921871841579,186.0,1.1752278800598195
187.0,6088720.0,0.5122084330091708,187.0,1.1725554644289449
188.0,6121280.0,0.5118274788040498,188.0,1.169891609815242
189.0,6153840.0,0.5114492961828545,189.0,1.1672362663177884
190.0,6186400.0,0.5110738571290561,190.0,1.1645893845061426
191.0,6218960.0,0.5107011339899314,191.0,1.161950915415368
192.0,6251520.0,0.5103310994710534,192.0,1.1593208105410981
193.0,6284080.0,0.5099637266308753,193.0,1.1566990218346407
194.0,6316640.0,0.5095989888754093,194.0,1.154085501698117
195.0,6349200.0,0.5092368599529933,195.0,1.1514802029796454
196.0,6381760.0,0.508877313949147,196.0,1.1488830789685618
197.0,6414320.0,0.508520325281516,197.0,1.1462940833906798
198.0,6446880.0,0.5081658686948982,198.0,1.1437131704035937
199.0,6479440.0,0.5078139192563549,199.0,1.1411402945920188
200.0,6512000.0,0.5074644523504037,200.0,1.1385754109631743
