t,n_grads,f,comm_rounds,var_error
1.0,0.0,0.016457897543831104,1.0,-1796.4033053656265
2.0,0.0,0.012761870713459932,2.0,-1796.407001392457
3.0,0.0,0.013568609921359878,3.0,-1796.406194653249
4.0,0.0,0.013352949337964728,4.0,-1796.4064103138323
5.0,0.0,0.013629634510457313,5.0,-1796.40613362866
6.0,0.0,0.013729769242936134,6.0,-1796.4060334939275
7.0,0.0,0.013865196506563248,7.0,-1796.405898066664
8.0,0.0,0.013955544614447939,8.0,-1796.405807718556
9.0,0.0,0.014043926384124375,9.0,-1796.4057193367862
10.0,0.0,0.014120182770347477,10.0,-1796.4056430804
11.0,0.0,0.014193528586915739,11.0,-1796.4055697345834
12.0,0.0,0.014262787137297785,12.0,-1796.405500476033
13.0,0.0,0.014329814235154408,13.0,-1796.4054334489351
14.0,0.0,0.014394482024963389,14.0,-1796.4053687811454
15.0,0.0,0.014457163136085244,15.0,-1796.4053061000343
16.0,0.0,0.01451785276982637,16.0,-1796.4052454104005
17.0,0.0,0.014576625148144978,17.0,-1796.4051866380223
18.0,0.0,0.014633478769607407,18.0,-1796.4051297844007
19.0,0.0,0.01468842371704931,19.0,-1796.4050748394534
20.0,0.0,0.01474145662081153,20.0,-1796.4050218065495
21.0,0.0,0.014792578889466588,21.0,-1796.404970684281
22.0,0.0,0.01484179338797266,22.0,-1796.4049214697825
23.0,0.0,0.01488910837833086,23.0,-1796.404874154792
24.0,0.0,0.014934537028714922,24.0,-1796.4048287261417
25.0,0.0,0.014978097976623281,25.0,-1796.4047851651937
26.0,0.0,0.015019814905405625,26.0,-1796.404743448265
27.0,0.0,0.01505971622414258,27.0,-1796.4047035469462
28.0,0.0,0.015097834522904597,28.0,-1796.4046654286474
29.0,0.0,0.01513420603743948,29.0,-1796.404629057133
30.0,0.0,0.015168870083523668,30.0,-1796.4045943930869
31.0,0.0,0.015201868517645678,31.0,-1796.4045613946528
32.0,0.0,0.0152332452245537,32.0,-1796.4045300179457
33.0,0.0,0.015263045646308336,33.0,-1796.404500217524
34.0,0.0,0.015291316354443026,34.0,-1796.4044719468159
35.0,0.0,0.0153181046676732,35.0,-1796.4044451585028
36.0,0.0,0.015343458314007347,36.0,-1796.4044198048564
37.0,0.0,0.015367425135543851,37.0,-1796.4043958380348
38.0,0.0,0.015390052833160575,38.0,-1796.404373210337
39.0,0.0,0.01541138874800806,39.0,-1796.4043518744224
40.0,0.0,0.01543147967647886,40.0,-1796.404331783494
41.0,0.0,0.01545037171533362,41.0,-1796.404312891455
42.0,0.0,0.015468110133748866,42.0,-1796.4042951530366
43.0,0.0,0.015484739269220957,43.0,-1796.4042785239012
44.0,0.0,0.015500302444466025,44.0,-1796.4042629607259
45.0,0.0,0.015514841902684698,45.0,-1796.4042484212678
46.0,0.0,0.015528398758795775,46.0,-1796.4042348644116
47.0,0.0,0.01554101296447645,47.0,-1796.404222250206
48.0,0.0,0.015552723285071155,48.0,-1796.4042105398853
49.0,0.0,0.015563567286642953,49.0,-1796.4041996958838
50.0,0.0,0.015573581331638267,50.0,-1796.4041896818387
51.0,0.0,0.015582800581816584,51.0,-1796.4041804625886
52.0,0.0,0.015591259007261351,52.0,-1796.404172004163
53.0,0.0,0.01559898940043684,53.0,-1796.40416427377
54.0,0.0,0.015606023394389228,54.0,-1796.404157239776
55.0,0.0,0.015612391484309172,55.0,-1796.404150871686
56.0,0.0,0.015618123051778935,56.0,-1796.4041451401185
57.0,0.0,0.015623246391120836,57.0,-1796.4041400167791
58.0,0.0,0.015627788737346222,58.0,-1796.404135474433
59.0,0.0,0.015631776295277063,59.0,-1796.404131486875
60.0,0.0,0.01563523426947542,60.0,-1796.404128028901
61.0,0.0,0.015638186894672078,61.0,-1796.4041250762757
62.0,0.0,0.015640657466433856,62.0,-1796.4041226057038
63.0,0.0,0.01564266837185132,63.0,-1796.4041205947985
64.0,0.0,0.015644241120065152,64.0,-1796.4041190220503
65.0,0.0,0.015645396372481128,65.0,-1796.4041178667978
66.0,0.0,0.015646153972550824,66.0,-1796.4041171091978
67.0,0.0,0.01564653297501871,67.0,-1796.4041167301953
68.0,0.0,0.01564655167455658,68.0,-1796.4041167114958
69.0,0.0,0.015646227633723288,69.0,-1796.4041170355367
70.0,0.0,0.015645577710202665,70.0,-1796.40411768546
71.0,0.0,0.01564461808328493,71.0,-1796.404118645087
72.0,0.0,0.015643364279567577,72.0,-1796.4041198988907
73.0,0.0,0.015641831197860518,73.0,-1796.4041214319725
74.0,0.0,0.015640033133287965,74.0,-1796.4041232300372
75.0,0.0,0.015637983800585665,75.0,-1796.4041252793697
76.0,0.0,0.0156356963565972,76.0,-1796.4041275668137
77.0,0.0,0.015633183421977698,77.0,-1796.4041300797485
78.0,0.0,0.015630457102116246,78.0,-1796.4041328060682
79.0,0.0,0.0156275290072916,79.0,-1796.404135734163
80.0,0.0,0.015624410272077694,80.0,-1796.4041388528983
81.0,0.0,0.015621111574017198,81.0,-1796.4041421515963
82.0,0.0,0.015617643151582915,82.0,-1796.4041456200189
83.0,0.0,0.015614014821447421,83.0,-1796.4041492483489
84.0,0.0,0.015610235995082282,84.0,-1796.4041530271752
85.0,0.0,0.015606315694708434,85.0,-1796.4041569474757
86.0,0.0,0.015602262568619437,86.0,-1796.4041610006018
87.0,0.0,0.015598084905899647,87.0,-1796.4041651782645
88.0,0.0,0.015593790650558735,88.0,-1796.4041694725197
89.0,0.0,0.015589387415104202,89.0,-1796.4041738757553
90.0,0.0,0.01558488249357282,90.0,-1796.4041783806767
91.0,0.0,0.015580282874041802,91.0,-1796.4041829802964
92.0,0.0,0.015575595250639831,92.0,-1796.4041876679198
93.0,0.0,0.015570826035077565,93.0,-1796.4041924371352
94.0,0.0,0.015565981367716843,94.0,-1796.4041972818027
95.0,0.0,0.015561067128196998,95.0,-1796.4042021960422
96.0,0.0,0.015556088945636233,96.0,-1796.4042071742247
97.0,0.0,0.015551052208425356,97.0,-1796.404212210962
98.0,0.0,0.015545962073630647,98.0,-1796.4042173010967
99.0,0.0,0.015540823476021702,99.0,-1796.4042224396944
100.0,0.0,0.015535641136740063,100.0,-1796.4042276220337
101.0,0.0,0.015530419571623173,101.0,-1796.4042328435987
102.0,0.0,0.015525163099198172,102.0,-1796.404238100071
103.0,0.0,0.015519875848359123,103.0,-1796.404243387322
104.0,0.0,0.015514561765740882,104.0,-1796.4042487014046
105.0,0.0,0.01550922462280215,105.0,-1796.4042540385476
106.0,0.0,0.015503868022629848,106.0,-1796.4042593951476
107.0,0.0,0.015498495406476402,107.0,-1796.4042647677638
108.0,0.0,0.015493110060040892,108.0,-1796.4042701531102
109.0,0.0,0.015487715119504822,109.0,-1796.404275548051
110.0,0.0,0.015482313577332563,110.0,-1796.404280949593
111.0,0.0,0.015476908287846255,111.0,-1796.4042863548825
112.0,0.0,0.015471501972584305,112.0,-1796.4042917611978
113.0,0.0,0.015466097225452604,113.0,-1796.4042971659449
114.0,0.0,0.015460696517676745,114.0,-1796.4043025666526
115.0,0.0,0.015455302202563482,115.0,-1796.4043079609678
116.0,0.0,0.015449916520079217,116.0,-1796.4043133466503
117.0,0.0,0.015444541601252845,117.0,-1796.404318721569
118.0,0.0,0.01543917947241021,118.0,-1796.404324083698
119.0,0.0,0.015433832059246906,119.0,-1796.4043294311111
120.0,0.0,0.01542850119074586,120.0,-1796.4043347619795
121.0,0.0,0.015423188602946124,121.0,-1796.4043400745675
122.0,0.0,0.01541789594256856,122.0,-1796.4043453672277
123.0,0.0,0.015412624770504422,123.0,-1796.4043506383998
124.0,0.0,0.015407376565171962,124.0,-1796.4043558866051
125.0,0.0,0.015402152725746557,125.0,-1796.4043611104446
126.0,0.0,0.01539695457526929,126.0,-1796.4043663085952
127.0,0.0,0.015391783363638525,127.0,-1796.4043714798067
128.0,0.0,0.015386640270489495,128.0,-1796.4043766229
129.0,0.0,0.015381526407965855,129.0,-1796.4043817367624
130.0,0.0,0.015376442823387687,130.0,-1796.4043868203469
131.0,0.0,0.01537139050181986,131.0,-1796.4043918726686
132.0,0.0,0.015366370368544621,132.0,-1796.4043968928017
133.0,0.0,0.015361383291442104,133.0,-1796.4044018798788
134.0,0.0,0.015356430083282321,134.0,-1796.404406833087
135.0,0.0,0.015351511503931978,135.0,-1796.4044117516664
136.0,0.0,0.015346628262479437,136.0,-1796.4044166349079
137.0,0.0,0.015341781019280886,137.0,-1796.404421482151
138.0,0.0,0.015336970387930752,138.0,-1796.4044262927823
139.0,0.0,0.015332196937159134,139.0,-1796.4044310662332
140.0,0.0,0.015327461192659184,140.0,-1796.4044358019778
141.0,0.0,0.015322763638846859,141.0,-1796.4044404995316
142.0,0.0,0.015318104720555758,142.0,-1796.4044451584498
143.0,0.0,0.015313484844669411,143.0,-1796.4044497783257
144.0,0.0,0.015308904381693285,144.0,-1796.4044543587886
145.0,0.0,0.015304363667268905,145.0,-1796.4044588995032
146.0,0.0,0.015299863003632052,146.0,-1796.4044634001668
147.0,0.0,0.015295402661017348,147.0,-1796.4044678605094
148.0,0.0,0.015290982879010897,148.0,-1796.4044722802914
149.0,0.0,0.015286603867853223,149.0,-1796.4044766593024
150.0,0.0,0.015282265809694122,150.0,-1796.4044809973607
151.0,0.0,0.015277968859801249,151.0,-1796.4044852943105
152.0,0.0,0.01527371314772415,152.0,-1796.4044895500226
153.0,0.0,0.015269498778415354,153.0,-1796.4044937643919
154.0,0.0,0.015265325833310106,154.0,-1796.404497937337
155.0,0.0,0.015261194371366223,155.0,-1796.404502068799
156.0,0.0,0.015257104430065553,156.0,-1796.4045061587403
157.0,0.0,0.015253056026378395,157.0,-1796.404510207144
158.0,0.0,0.015249049157692238,158.0,-1796.4045142140126
159.0,0.0,0.015245083802706125,159.0,-1796.4045181793676
160.0,0.0,0.015241159922291851,160.0,-1796.4045221032482
161.0,0.0,0.015237277460323221,161.0,-1796.40452598571
162.0,0.0,0.01523343634447449,162.0,-1796.4045298268259
163.0,0.0,0.015229636486989115,163.0,-1796.4045336266834
164.0,0.0,0.01522587778541985,164.0,-1796.4045373853849
165.0,0.0,0.015222160123341266,165.0,-1796.404541103047
166.0,0.0,0.015218483371035652,166.0,-1796.4045447797994
167.0,0.0,0.015214847386153207,167.0,-1796.4045484157841
168.0,0.0,0.01521125201434753,168.0,-1796.404552011156
169.0,0.0,0.015207697089887189,169.0,-1796.4045555660805
170.0,0.0,0.015204182436244357,170.0,-1796.404559080734
171.0,0.0,0.015200707866661134,171.0,-1796.4045625553038
172.0,0.0,0.015197273184694576,172.0,-1796.4045659899857
173.0,0.0,0.015193878184740982,173.0,-1796.4045693849855
174.0,0.0,0.015190522652540344,174.0,-1796.4045727405178
175.0,0.0,0.015187206365661515,175.0,-1796.4045760568047
176.0,0.0,0.015183929093968903,176.0,-1796.4045793340763
177.0,0.0,0.015180690600071298,177.0,-1796.4045825725702
178.0,0.0,0.015177490639753417,178.0,-1796.4045857725307
179.0,0.0,0.015174328962390854,179.0,-1796.404588934208
180.0,0.0,0.015171205311349013,180.0,-1796.404592057859
181.0,0.0,0.015168119424366496,181.0,-1796.404595143746
182.0,0.0,0.015165071033923677,182.0,-1796.4045981921365
183.0,0.0,0.015162059867596769,183.0,-1796.4046012033027
184.0,0.0,0.015159085648398107,184.0,-1796.404604177522
185.0,0.0,0.015156148095102944,185.0,-1796.4046071150754
186.0,0.0,0.015153246922563387,186.0,-1796.4046100162477
187.0,0.0,0.015150381842009883,187.0,-1796.4046128813284
188.0,0.0,0.015147552561340578,188.0,-1796.404615710609
189.0,0.0,0.01514475878539924,189.0,-1796.4046185043849
190.0,0.0,0.015142000216241848,190.0,-1796.4046212629542
191.0,0.0,0.015139276553392462,191.0,-1796.404623986617
192.0,0.0,0.015136587494088671,192.0,-1796.4046266756764
193.0,0.0,0.015133932733517038,193.0,-1796.4046293304368
194.0,0.0,0.015131311965038759,194.0,-1796.4046319512054
195.0,0.0,0.015128724880406102,195.0,-1796.4046345382899
196.0,0.0,0.015126171169969775,196.0,-1796.4046370920005
197.0,0.0,0.015123650522877582,197.0,-1796.4046396126475
198.0,0.0,0.015121162627264772,198.0,-1796.404642100543
199.0,0.0,0.015118707170436252,199.0,-1796.404644556
200.0,0.0,0.015116283839041003,200.0,-1796.4046469793313
